UID,MAE_S82-94_ROI,MSE_S82-94_ROI,PSNR_S82-94_ROI,SSIM_S82-94_ROI
3386,0.0979,0.0126,19.0021,0.8397
3552,0.0400,0.0021,26.7392,0.9235
3554,0.1090,0.0148,18.3061,0.7887
3559,0.2085,0.0485,13.1409,0.8491
3565,0.0372,0.0026,25.8354,0.8309
3575,0.0960,0.0109,19.6418,0.7734
3591,0.0838,0.0113,19.4596,0.8669
3593,0.0808,0.0086,20.6803,0.8101
3759,0.0973,0.0120,19.2049,0.5604
3765,0.0818,0.0087,20.6263,0.7312
3767,0.0786,0.0093,20.3224,0.5501
3769,0.1374,0.0221,16.5538,0.6138
3806,0.0900,0.0103,19.8651,0.5605
3807,0.0907,0.0104,19.8111,0.7460
3824,0.0525,0.0047,23.2823,0.9110
3832,0.0611,0.0053,22.7743,0.7889
3857,0.1039,0.0127,18.9751,0.6660
3863,0.7519,0.5853,2.3265,0.0942
