UID,MAE,MSE,PSNR,SSIM
3386,0.1201,0.0283,16.5667,0.6375
3552,0.2160,0.0658,12.5681,0.5432
3554,0.1546,0.0343,15.5496,0.5467
3559,0.2512,0.0819,11.4312,0.4534
3565,0.1040,0.0186,18.5247,0.7492
3575,0.1693,0.0483,13.9267,0.5727
3591,0.2009,0.0617,12.4331,0.6175
3593,0.1821,0.0572,12.8774,0.6082
3759,0.1312,0.0269,16.7343,0.6861
3765,0.1233,0.0257,17.0587,0.6531
3767,0.1353,0.0281,16.5336,0.6317
3769,0.1406,0.0302,16.0841,0.6409
3806,0.1242,0.0250,16.9178,0.6434
3807,0.1330,0.0276,16.6737,0.6740
3824,0.1146,0.0254,17.1955,0.6866
3832,0.1667,0.0432,14.5727,0.6032
3857,0.1432,0.0307,16.1890,0.6390
3863,0.3674,0.1746,7.9585,0.0822
