UID,MAE,MSE,PSNR,SSIM
3386,0.1326,0.0358,15.6187,0.6397
3552,0.2523,0.0904,11.2216,0.5231
3554,0.1756,0.0474,14.2755,0.5402
3559,0.2446,0.0867,11.4698,0.4706
3565,0.1572,0.0390,15.1084,0.6782
3575,0.1682,0.0519,13.9301,0.5964
3591,0.2255,0.0744,11.5502,0.5908
3593,0.2157,0.0727,11.6698,0.5689
3759,0.1661,0.0414,14.7761,0.6558
3765,0.1661,0.0424,14.7651,0.6321
3767,0.1571,0.0371,15.3477,0.6297
3769,0.1719,0.0443,14.4780,0.6265
3806,0.1685,0.0452,14.4691,0.6334
3807,0.1453,0.0329,15.9831,0.6862
3824,0.1513,0.0399,15.1003,0.6638
3832,0.1708,0.0474,14.3412,0.6321
3857,0.1840,0.0488,14.1409,0.5961
3863,0.4055,0.2160,7.0297,0.0729
