UID,MAE_S82-94_ROI,MSE_S82-94_ROI,PSNR_S82-94_ROI,SSIM_S82-94_ROI
3386,0.1679,0.0323,14.9022,0.6040
3552,0.0812,0.0085,20.7000,0.6478
3554,0.1623,0.0321,14.9393,0.6204
3559,0.3092,0.1070,9.7049,0.6863
3565,0.0898,0.0102,19.9137,0.5511
3575,0.1421,0.0251,16.0084,0.6632
3591,0.1600,0.0282,15.4917,0.7491
3593,0.1004,0.0117,19.3096,0.8464
3759,0.1495,0.0305,15.1630,0.4051
3765,0.1529,0.0291,15.3640,0.5968
3767,0.1601,0.0314,15.0308,0.3861
3769,0.2009,0.0504,12.9716,0.2287
3806,0.1743,0.0402,13.9629,0.2357
3807,0.1861,0.0431,13.6535,0.6216
3824,0.2107,0.0485,13.1439,0.7696
3832,0.1508,0.0272,15.6510,0.5680
3857,0.1955,0.0482,13.1729,0.5930
3863,0.8157,0.6723,1.7244,0.0957
