UID,MAE_S82-94_ROI,MSE_S82-94_ROI,PSNR_S82-94_ROI,SSIM_S82-94_ROI
3386,0.1379,0.0214,16.6932,0.8158
3552,0.0323,0.0016,28.0686,0.7751
3554,0.2164,0.0526,12.7892,0.7147
3559,0.2271,0.0577,12.3895,0.8374
3565,0.1043,0.0123,19.0943,0.8382
3575,0.0856,0.0090,20.4741,0.7693
3591,0.0714,0.0092,20.3456,0.8349
3593,0.0703,0.0071,21.4868,0.8219
3759,0.1659,0.0327,14.8521,0.5068
3765,0.1396,0.0219,16.5922,0.7393
3767,0.1578,0.0292,15.3392,0.3520
3769,0.2264,0.0580,12.3637,0.4164
3806,0.1779,0.0372,14.2925,0.2959
3807,0.1814,0.0378,14.2215,0.7979
3824,0.0937,0.0104,19.8171,0.9019
3832,0.0998,0.0122,19.1333,0.7271
3857,0.1410,0.0240,16.1974,0.7831
3863,0.7514,0.5846,2.3311,0.1003
