UID,MAE,MSE,PSNR,SSIM
3386,0.1551,0.0469,14.2468,0.6047
3552,0.2165,0.0702,12.3974,0.5523
3554,0.2503,0.0903,11.2819,0.4320
3559,0.2378,0.0827,11.6348,0.4619
3565,0.1966,0.0606,13.2362,0.6103
3575,0.1813,0.0555,13.4199,0.5779
3591,0.2039,0.0674,12.1301,0.6170
3593,0.1814,0.0586,12.8234,0.6038
3759,0.2147,0.0715,12.4026,0.5531
3765,0.2034,0.0671,12.8173,0.5661
3767,0.2211,0.0717,12.3654,0.5311
3769,0.2377,0.0832,11.6369,0.5228
3806,0.2158,0.0720,12.3128,0.5541
3807,0.2419,0.0848,11.5367,0.5411
3824,0.1573,0.0472,14.5335,0.6294
3832,0.1972,0.0643,12.9470,0.5781
3857,0.2185,0.0743,12.3681,0.5383
3863,0.3836,0.2039,7.4301,0.0737
